[parisbg.jpg]
filters=enhance=1;autolight=1;fill=1,0.542056;finetune2=1,0.000000,0.117895,0.202105,00000000,0.000000;
moddate=0063e400ab57d601
width=1366
height=768
textactive=0
[long-road-and-cloudless-sky-picjumbo-com.jpg]
filters=fill=1,0.336449;autolight=1;crop64=1,ffffaea8;
crop=rect64(ffffaea8)
moddate=0060090bb157d601
width=5000
height=3333
textactive=0
